((("base2complement" .
   [0 0 0 0 0 0 0 0 1 0 0 0 0 0 0])
  ("get_features" .
   [0 0 0 0 0 1 0 0 0 0 0 0])
  ("all_data" .
   [1 0 0 0 0 0 0 0])
  ("rd" .
   [1 0])
  ("ma_data" .
   [1 0 0 0 0 0 0])
  ("store_baseq0" .
   [2 0 0 0 0 0 0 0 0 0 0 0])
  ("sa" .
   [1 0])
  ("store_baseq1" .
   [3 0 0 0 0 0 0 0 0 0 0 0])
  ("pai" .
   [2 0 0])
  ("an" .
   [1 0])
  ("pri" .
   [2 0 0])
  ("query_qualities" .
   [0 0 0 0 0 0 0 0 0 0 0 0 0 0 1])
  ("pi" .
   [1 0])
  ("pqi" .
   [6 0 0])
  ("pti" .
   [6 0 0])
  ("dt_shift" .
   [1 0 0 0 0 0 0 0])
  ("prefi" .
   [1 0 0 0 0])
  ("store_baseq" .
   [2 0 0 0 0 0 0 0 0 0 0])
  ("alen" .
   [6 0 0 0])
  ("al" .
   [2 0])
  ("ridx" .
   [6 0 0 0])
  ("process_fast5" .
   [0 0 0 0 0 0 0 0 0 0 1 0 0])
  ("starmap_async" .
   [0 0 0 0 0 0 0 0 0 0 0 0 1])
  ("trace_bounds" .
   [2 0 0 0 0 0 0 0 0 0 0 0])
  ("trace_bound" .
   [0 0 0 0 0 0 0 0 0 0 2])
  ("func" .
   [1 0 0 0])
  ("trace_boundaries" .
   [0 0 0 0 0 0 0 0 1 0 0 0 0 0 0 0])
  ("base2idx" .
   [1 0 0 0 0 0 0 1])
  ("atrace" .
   [2 0 0 0 0 0])
  ("ref_base_ai" .
   [1 0 0 0 0 0 1 0 0 0 0])
  ("bidx" .
   [6 0 0 0])
  ("ai" .
   [9 0])
  ("get_move_start_end_fwd" .
   [1 0 0 0 0 0 0 0 0 0 0 0 0 0 0 0 0 0 0 0 0 0])
  ("get_move_start_end_rev" .
   [1 0 0 0 0 0 0 0 0 0 0 0 0 0 0 0 0 0 0 0 0 0])
  ("move_pos" .
   [0 0 0 0 0 1 0 0])
  ("me" .
   [1 0])
  ("ms" .
   [1 0])
  ("ri" .
   [4 0])
  ("sname" .
   [2 0 0 0 0])
  ("mod_freq_idx" .
   [1 0 0 0 0 0 0 0 0 0 0 0])
  ("cutoff" .
   [2 0 0 0 0 0])
  ("get_frequencies_gmm_svm" .
   [1 0 0 0 0 0 0 0 0 0 0 0 0 0 0 0 0 0 0 0 0 0 0])
  ("iso_new" .
   [1 0 0 0 0 0 0])
  ("score_samples" .
   [0 0 0 0 0 0 0 0 0 0 0 0 1])
  ("arange" .
   [3 0 0 0 0 0])
  ("maxreads" .
   [1 0 0 0 0 0 0 0])
  ("cl" .
   [1 0])
  ("mod_freqs" .
   [3 0 0 0 0 0 0 0 0])
  ("n_components" .
   [0 0 0 0 1 2 0 0 0 0 0 0])
  ("fval" .
   [1 0 0 0])
  ("loss" .
   [1 0 0 0])
  ("_rd" .
   [1 0 0])
  ("mad" .
   [1 0 0])
  ("med" .
   [1 0 0])
  ("power2" .
   [3 0 0 0 0 0])
  ("xi" .
   [1 0])
  ("score_false" .
   [1 0 0 0 0 0 0 0 0 0 0])
  ("update_nodes" .
   [0 0 0 0 0 0 0 1 0 0 0 0])
  ("score_terminal" .
   [0 0 0 0 0 0 0 0 0 0 0 0 0 1])
  ("score_empty" .
   [0 0 0 0 0 0 0 0 1 0 0])
  ("where" .
   [2 0 0 0 0])
  ("random" .
   [1 0 0 0 0 0])
  ("xdotn" .
   [1 0 0 0 0])
  ("float32" .
   [4 0 0 0 0 0 0])
  ("astype" .
   [1 0 0 0 0 0])
  ("pdotn" .
   [2 0 0 0 0])
  ("dot" .
   [4 0 0])
  ("empty" .
   [2 0 0 0 0])
  ("maxnodes" .
   [5 0 0 0 0 0 0 0])
  ("_maxnodei" .
   [1 0 0 0 0 0 0 0 0])
  ("maxnodei" .
   [3 0 0 0 0 0 0 1])
  ("nodeR" .
   [2 0 0 0 0])
  ("nodeL" .
   [2 0 0 0 0])
  ("this_nodei" .
   [1 0 0 0 0 1 0 0 0 0])
  ("rng" .
   [2 0 0])
  ("rg" .
   [1 0])
  ("ma" .
   [8 0])
  ("choice" .
   [1 0 0 0 0 0])
  ("normal" .
   [1 0 0 0 0 0])
  ("uniform" .
   [1 0 0 0 0 0 0])
  ("sel" .
   [21 0 0])
  ("ni" .
   [8 0])
  ("dim" .
   [7 0 0])
  ("exlevel" .
   [2 0 0 0 0 0 0])
  ("Non" .
   [3 0 0])
  ("build_trees" .
   [1 0 0 0 0 0 0 0 0 0 0])
  ("sample" .
   [2 0 0 0 0 0])
  ("fit" .
   [2 0 0])
  ("node" .
   [4 0 0 0])
  ("nodei" .
   [22 0 0 0 0])
  ("_populate_nodes" .
   [0 0 0 0 1 1 0 0 0 0 0 0 0 0 0])
  ("population" .
   [0 0 0 0 1 0 0 0 0 0])
  ("build" .
   [1 0 0 0 0])
  ("ntrees" .
   [2 0 0 0 0 0])
  ("build_tree" .
   [1 0 0 0 0 0 0 0 0 1])
  ("ie" .
   [2 0])
  ("score_samples0" .
   [1 0 0 0 0 0 0 0 0 0 0 0 0 0])
  ("score_samples1" .
   [2 0 0 0 0 0 0 0 0 0 0 0 0 0])
  ("S" .
   [2])
  ("treei" .
   [11 0 0 0 0])
  ("di" .
   [2 0])
  ("m_keys" .
   [2 0 0 0 0 0])
  ("ss_keys" .
   [1 0 0 0 0 0 0])
  ("get_frequencies_cvm" .
   [0 0 0 0 0 0 0 0 0 0 0 0 0 0 0 0 0 1 0])
  ("mod_freq" .
   [2 0 0 0 0 0 0 0])
  ("confs" .
   [3 0 0 0 0])
  ("bc2c" .
   [2 0 0 0])
  ("read_text" .
   [1 0 0 0 0 0 0 0 0])
  ("barcode2file" .
   [1 0 0 0 0 0 0 0 0 0 1 0])
  ("fq_parser" .
   [1 0 0 0 0 0 0 0 0])
  ("fq" .
   [3 0])
  ("read2barcode" .
   [0 0 0 0 0 0 0 3 0 0 0 0])
  ("confidence" .
   [1 0 0 0 0 0 0 0 0 0])
  ("bc2name" .
   [3 0 0 0 0 0 0])
  ("number_of_barcodes" .
   [0 0 0 0 0 0 0 0 1 0 0 0 0 0 0 0 0 0])
  ("barcodes" .
   [4 0 0 0 0 0 0 0])
  ("barcode" .
   [2 0 0 0 0 0 1])
  ("demux2fastq" .
   [0 0 0 0 0 0 0 1 0 0 0])
  ("minprob" .
   [3 0 0 0 0 0 1])
  ("reference_fn" .
   [0 0 0 0 0 0 0 0 0 0 0 1])
  ("sensitive" .
   [7 0 0 0 0 1 1 0 0])
  ("group" .
   [1 0 0 0 0])
  ("covered" .
   [2 0 0 0 0 0 0])
  ("cons" .
   [4 0 0 0])
  ("upper" .
   [1 0 0 0 0])
  ("stepsize" .
   [0 0 0 0 0 0 1 0])
  ("get_consecutive" .
   [0 0 0 0 0 0 0 1 0 0 0 0 0 0 1])
  ("collapse" .
   [1 0 0 0 0 0 0 0])
  ("kmers" .
   [2 0 0 0 0])
  ("genome2bed" .
   [0 0 0 0 0 0 0 0 1 0])
  ("get_kmers" .
   [0 0 0 0 0 1 0 0 0])
  ("get_common_kmers" .
   [0 0 0 0 0 0 0 1 0 0 0 0 0 0 0 0])
  ("read_name" .
   [1 0 0 0 0 0 0 0 0])
  ("f5" .
   [2 0])
  ("File" .
   [1 0 0 0])
  ("fi" .
   [2 0])
  ("save_path" .
   [0 0 0 0 1 1 1 0 0])
  ("h5py" .
   [1 0 0 0])
  ("recursive" .
   [0 0 0 0 1 0 0 0 3])
  ("input_path" .
   [2 0 0 0 0 0 0 2 1 0])
  ("input_f5" .
   [0 0 0 0 0 0 1 0])
  ("argparse" .
   [0 0 0 0 1 0 0 0])
  ("inplace" .
   [6 0 0 0 0 0 0])
  ("multi_fast5" .
   [0 0 0 0 0 0 0 1 0 0 0])
  ("si" .
   [6 0])
  ("bi" .
   [2 0])
  ("refi" .
   [2 0 0 0])
  ("_quals" .
   [2 0 0 0 0 0])
  ("quals" .
   [3 0 0 0 0])
  ("nan" .
   [5 0 0])
  ("minModFreq" .
   [0 0 0 0 0 0 0 2 0 0])
  ("modification" .
   [1 0 0 0 0 0 0 0 0 0 0 0])
  ("metrics" .
   [6 0 0 0 0 0 0])
  ("col" .
   [23 0 0])
  ("mods2bed" .
   [0 0 0 0 0 1 1 0])
  ("infn" .
   [3 0 0 0])
  ("mod" .
   [19 0 0])
  ("modOnly" .
   [0 0 0 0 1 0 0])
  ("useOtherModsAsControl" .
   [0 0 0 0 1 0 0 0 0 0 0 0 0 0 0 0 0 0 0 0 0])
  ("fg" .
   [4 0])
  ("clf" .
   [5 0 0])
  ("pkl" .
   [2 0 0])
  ("mod_classes" .
   [0 0 0 0 0 0 1 0 0 0 0])
  ("mod2class" .
   [0 0 0 0 0 0 1 0 0])
  ("h5" .
   [2 0])
  ("fast5" .
   [1 0 0 0 1])
  ("nmods" .
   [1 0 0 0 0])
  ("base2positions" .
   [0 0 0 0 0 0 0 1 0 0 0 0 0 0])
  ("pop" .
   [1 0 0])
  ("mods" .
   [12 0 0 0])
  ("symbol2modbase" .
   [0 0 0 0 0 0 0 0 0 1 0 0 0 0])
  ("moltype" .
   [1 0 0 0 0 1 0])
  ("resource" .
   [0 0 0 0 1 0 0 0])
  ("is_r" .
   [0 0 0 1])
  ("load_info" .
   [0 0 0 0 0 0 0 1 0])
  ("is_rna" .
   [2 0 0 0 0 0])
  ("indir" .
   [5 0 0 0 1])
  ("spliced" .
   [1 0 0 0 0 0 0])
  ("sens" .
   [0 0 0 1])
  ("output_alphabet" .
   [0 0 0 0 0 0 0 1 1 0 0 0 0 0 0])
  ("read_id" .
   [5 0 0 0 0 0 0])
  ("read_id_file" .
   [1 0 0 0 0 0 0 0 0 0 0 0])
  ("read_ids" .
   [3 0 0 0 0 0 0 0])
  ("/tmp/firefox.latest.tar.bz2" .
   [0 0 0 1 0 0 0 0 0 0 0 0 0 0 0 0 0 0 0 0 0 0 0 0 0 0 0])
  ("CURDISPLAY" .
   [0 0 0 1 0 0 0 0 0 0])
  ("DISPLAY" .
   [2 0 0 0 0 0 1])
  ("minAltReads" .
   [1 0 0 0 0 0 0 2 0 0 0])
  ("fp" .
   [1 0])
  ("tp" .
   [1 0])
  ("get_parser" .
   [0 0 0 0 0 0 1 0 0 0])
  ("samplefn" .
   [2 0 0 0 0 0 0 0])
  ("parse_mityper" .
   [0 0 0 0 0 0 0 0 1 0 0 0 0])
  ("variation" .
   [1 0 0 0 0 0 0 0 1])
  ("vars" .
   [0 0 0 1])
  ("genotyp" .
   [0 0 0 0 0 0 4])
  ("mi" .
   [21 0])
  ("qual" .
   [3 0 0 0])
  ("txt" .
   [1 0 0])
  ("iread" .
   [1 0 0 0 0])
  ("izip" .
   [1 0 0 0])
  ("calls" .
   [9 0 0 0 0])
  ("mutual_info" .
   [0 0 0 0 0 0 0 0 1 2 0])
  ("mutual" .
   [1 0 0 0 0 0])
  ("db" .
   [1 0])
  ("keys" .
   [2 0 0 0])
  ("donor2experiments" .
   [0 0 0 0 1 0 0 0 0 0 0 0 0 0 0 0 0])
  ("intersection" .
   [0 0 0 0 0 0 0 2 0 0 0 0])
  ("cmd2" .
   [2 0 0 0])
  ("assay" .
   [1 0 0 0 1])
  ("try" .
   [1 0 0])
  ("positi" .
   [0 0 0 0 0 1])
  ("positions" .
   [1 0 0 0 0 0 0 0 0])
  ("editingp" .
   [1 0 0 0 0 0 0 0])
  ("fnames" .
   [9 0 0 0 0 1])
  ("replace" .
   [4 0 0 0 0 0 1])
  ("editing" .
   [3 0 0 3 1 1 0])
  ("snp2c" .
   [8 0 0 0 0])
  ("dtype" .
   [8 0 0 0 0])
  ("strands" .
   [5 0 0 0 1 0 0])
  ("total" .
   [4 0 0 0 0])
  ("freqs" .
   [5 0 0 0 0])
  ("freq" .
   [16 0 0 0])
  ("snp" .
   [4 0 0])
  ("snptypes" .
   [0 0 0 1 1 0 0 0])
  ("minDepth" .
   [0 0 0 0 0 2 0 0])
  ("txt2changes" .
   [0 0 0 1 0 0 0 0 0 0 0])
  ("get_hist" .
   [0 0 0 0 0 1 0 0])
  ("snps" .
   [4 0 0 0])
  ("enrichments" .
   [2 0 0 0 4 0 0 0 0 0 0])
  ("__name__" .
   [1 0 0 0 0 0 2 0])
  ("nth" .
   [2 0 0])
  ("sizes" .
   [3 0 0 0 0])
  ("c2regions" .
   [1 0 0 0 3 0 0 0 0])
  ("c2" .
   [1 0])
  ("diagonal" .
   [0 0 0 0 0 0 0 1])
  ("diag" .
   [1 0 0 0])
  ("T" .
   [2])
  ("normalisation" .
   [1 0 0 0 0 0 0 0 1 0 0 0 0])
  ("seed" .
   [1 0 0 0])
  ("minchr" .
   [7 0 0 0 0 1])
  ("axis" .
   [16 0 0 0])
  ("99" .
   [1 0])
  ("95" .
   [2 0])
  ("_contigs2scaffold" .
   [0 0 0 0 1 0 0 0 0 0 0 0 0 0 0 0 0])
  ("nc" .
   [5 0])
  ("_" .
   [5])
  ("c2dists" .
   [1 0 0 0 2 0 0])
  ("longest_contigs" .
   [0 0 0 0 0 0 0 1 0 0 0 0 0 0 0])
  ("longer" .
   [0 0 0 0 0 1])
  ("icontigs" .
   [0 0 0 1 0 0 0 0])
  ("contacts" .
   [2 0 0 0 0 0 0 0])
  ("position" .
   [0 0 0 0 0 0 0 1])
  ("digitize" .
   [0 0 0 0 1 0 0 0])
  ("loads" .
   [0 0 0 0 1])
  ("params" .
   [2 0 0 0 0 0])
  ("dump" .
   [1 0 0 0])
  ("pickle" .
   [2 0 0 1 0 0])
  ("_iSizes" .
   [0 0 1 0 0 0 0])
  ("get_distances_contacts" .
   [1 0 0 0 0 0 0 0 0 0 0 0 0 0 0 0 0 0 0 0 0 0])
  ("30" .
   [1 0])
  ("I" .
   [2])
  ("estimate_distance_parameters2" .
   [1 0 0 0 0 0 0 0 0 0 0 0 0 0 0 0 0 0 0 0 0 0 0 0 0 0 0 0 0])
  ("iSizes" .
   [3 0 2 10 0 0])
  ("insertSize" .
   [0 0 0 0 1 0 0 0 0 0])
  ("contact" .
   [0 0 0 0 0 0 9])
  ("genomeFrac" .
   [0 0 0 0 0 0 0 1 0 0])
  ("get_N_and_L" .
   [0 0 0 0 0 1 0 0 0 0 0])
  ("n90" .
   [1 0 0])
  ("90" .
   [2 0])
  ("1e7" .
   [2 0 0])
  ("longest" .
   [1 0 0 0 0 0 0])
  ("Ns" .
   [2 0])
  ("sp" .
   [1 0])
  ("GCandNs" .
   [0 0 1 0 0 0 0])
  ("basecounts" .
   [0 0 0 0 0 2 0 0 0 1])
  ("nonACGT" .
   [1 0 0 0 1 0 0])
  ("GC" .
   [3 0])
  ("get_stats" .
   [1 0 0 0 0 0 0 0 2])
  ("N90" .
   [1 0 0])
  ("N50" .
   [1 0 0])
  ("n50" .
   [1 0 0])
  ("contig2skip" .
   [0 0 0 0 0 0 0 3 0 0 0])
  ("best" .
   [1 0 0 0])
  ("label" .
   [3 0 0 0 0])
  ("legend" .
   [1 0 0 0 0 1])
  ("title" .
   [2 0 0 0 0])
  ("color" .
   [8 0 0 0 0])
  ("savefig" .
   [1 0 0 0 0 0 0])
  ("algLengths" .
   [0 0 0 0 2 0 0 0 0 0])
  ("15" .
   [1 0])
  ("fft_n" .
   [1 0 0 0 0])
  ("fft" .
   [1 0 0])
  ("selectcols" .
   [0 0 0 0 1 0 0 1 0 0])
  ("feat_labels" .
   [0 0 1 1 0 1 2 0 0 0 0])
  ("X" .
   [22])
  ("select" .
   [0 0 0 0 0 1])
  ("npyfn" .
   [1 0 0 0 0])
  ("dist2" .
   [2 0 0 0 0])
  ("dist1" .
   [2 0 0 0 0])
  ("traverse" .
   [0 0 0 1 0 0 0 0])
  ("dist" .
   [5 0 0 0])
  ("idx2" .
   [3 0 0 0])
  ("idx1" .
   [3 0 0 0])
  ("npy" .
   [1 0 0])
  ("getNewick" .
   [0 0 0 0 1 0 0 0 0])
  ("get_subtrees" .
   [0 0 0 0 0 0 1 0 0 0 0 0])
  ("memory" .
   [0 0 1 0 0 0])
  ("subtrees" .
   [0 0 0 1 0 0 0 1])
  ("bestdist" .
   [0 0 0 0 1 0 0 0])
  ("maxdist" .
   [1 0 0 0 0 0 0])
  ("get_longest" .
   [0 0 0 0 0 0 2 0 0 0 0])
  ("main2" .
   [2 0 0 0 0])
  ("_n" .
   [3 0])
  ("nodes" .
   [5 0 0 0 0])
  ("tdist" .
   [0 0 0 1 0])
  ("nw" .
   [1 0])
  ("ac" .
   [1 0])
  ("array2clusters" .
   [0 0 0 0 0 0 1 0 1 0 0 0 0 0])
  ("withoutCluster" .
   [0 0 0 0 1 0 0 1 0 0 0 0 0 0])
  ("weakCluster" .
   [1 0 1 0 0 0 0 0 0 0 0])
  ("totsize" .
   [1 0 0 0 1 0 0])
  ("clSize" .
   [0 0 0 2 0 0])
  ("counter" .
   [1 0 0 0 0 0 0])
  ("infile" .
   [1 0 0 0 2 0])
  ("clusteri" .
   [1 0 0 0 0 0 0 0])
  ("cm" .
   [1 0])
  ("mcount" .
   [0 0 0 1 0 0])
  ("subtree" .
   [0 0 0 0 0 0 2])
  ("get_name" .
   [2 0 0 1 1 3 2 0])
  ("most_common" .
   [0 0 1 0 2 0 0 0 0 0 0])
  ("contig2cluster" .
   [0 0 0 0 0 0 0 3 0 0 0 0 0 0])
  ("names" .
   [14 0 0 0 0])
  ("clusters" .
   [5 0 3 3 1 0 0 10])
  ("bases" .
   [11 0 0 0 0])
  ("1e6" .
   [5 0 0])
  ("maxcov" .
   [1 0 0 0 0 0])
  ("e1" .
   [4 0])
  ("e2" .
   [6 0])
  ("sub" .
   [1 0 0])
  ("trs" .
   [6 0 0])
  ("subrepeats" .
   [0 0 0 0 0 1 0 0 0 0])
  ("tr" .
   [15 0])
  ("s1" .
   [4 0])
  ("s2" .
   [5 0])
  ("starts" .
   [6 0 0 0 0 0])
  ("telomeric_repeat" .
   [0 0 0 0 2 0 0 0 2 1 0 0 1 0 0 1])
  ("finditer" .
   [1 0 0 0 0 0 0 0])
  ("repeat" .
   [3 0 0 0 0 3])
  ("repeats" .
   [8 0 0 0 0 0 0])
  ("step" .
   [1 0 0 0])
  ("kmer" .
   [12 0 0 0])
  ("list" .
   [2 0 0 0])
  ("alphabet" .
   [1 0 0 0 2 0 1 2])
  ("decode" .
   [0 0 0 0 1 0])
  ("min" .
   [5 0 0])
  ("&&" .
   [2 0])
  ("fname" .
   [14 0 0 1 0])
  ("aminoset" .
   [1 0 0 0 0 0 0 0])
  ("aminos" .
   [0 0 0 0 0 1])
  ("mers" .
   [15 0 0 0])
  ("mer" .
   [28 0 0])
  ("imer" .
   [2 0 0 0])
  ("base" .
   [4 0 0 1])
  ("reduced_alphabet" .
   [0 0 0 0 0 0 0 0 2 0 0 0 0 0 0 0])
  ("mj5" .
   [1 0 1])
  ("max" .
   [11 0 0])
  ("diff" .
   [1 0 0 0])
  ("stop" .
   [1 0 0 0])
  ("__getitem__" .
   [0 0 0 0 0 0 1 0 0 0 0])
  ("get_fasta" .
   [1 0 0 0 0 0 0 0 0])
  ("get_region" .
   [0 0 0 0 0 0 1 0 0 0])
  ("get_id" .
   [0 0 0 0 1 0])
  ("start" .
   [20 0 0 0 1])
  ("startstop" .
   [0 0 0 0 0 0 1 0 0])
  ("contig" .
   [18 0 0 0 0 0])
  ("region" .
   [8 0 0 1 0 0])
  ("main" .
   [5 0 0 0])
  ("offset" .
   [0 0 0 1 0 0])
  ("seek" .
   [1 0 0 0])
  ("bytesize" .
   [1 0 0 0 0 0 0 0])
  ("record" .
   [4 0 0 0 0 0])
  ("Exception" .
   [0 0 1 1 2 0 0 0 0])
  ("raise" .
   [1 0 0 0 0])
  ("__get_handle" .
   [0 0 0 0 0 0 0 1 0 0 0 0])
  ("seqid" .
   [2 0 0 0 0])
  ("FastaIndex" .
   [0 0 0 3 1 1 0 1 0 0])
  ("fai" .
   [2 0 0])
  ("linebases" .
   [2 0 0 0 0 0 2 0 0])
  ("linebytes" .
   [0 0 0 0 2 1 0 0 3])
  ("id2stats" .
   [0 0 2 2 0 0 0 1])
  ("_generate_index" .
   [0 0 0 0 0 1 0 0 0 0 0 0 0 0 0])
  ("__init__" .
   [1 0 0 0 0 0 0 0])
  ("object" .
   [1 0 0 0 0 0])
  ("class" .
   [1 0 0 0 0])
  ("fa" .
   [1 0])
  ("FA" .
   [2 0])
  ("python" .
   [1 0 0 0 0 0])
  ("usr" .
   [1 0 0])
  ("labels" .
   [5 0 0 0 0 0])
  ("delimiter" .
   [0 0 0 0 1 0 0 0 0])
  ("savetxt" .
   [0 0 0 0 0 1 0])
  ("d" .
   [30])
  ("dists" .
   [11 0 0 0 0])
  ("v2" .
   [1 0])
  ("v1" .
   [2 0])
  ("i2" .
   [3 0])
  ("ytdist" .
   [0 0 0 2 0 0])
  ("i1" .
   [4 0])
  ("n1" .
   [1 0])
  ("dna2i" .
   [0 0 0 0 1])
  ("a2i" .
   [2 0 2])
  ("alphabed" .
   [1 0 0 0 0 0 0 0])
  ("ps" .
   [1 0])
  ("MV" .
   [1 0])
  ("_A" .
   [3 0])
  ("A" .
   [2])
  ("aa2i" .
   [0 0 0 2])
  ("aa" .
   [2 0])
  ("20" .
   [7 0])
  ("get_coords0" .
   [1 0 0 0 0 0 0 0 0 0 0])
  ("PSs" .
   [1 0 0])
  ("PS" .
   [5 0])
  ("z" .
   [3])
  ("y" .
   [9])
  ("fasta2clusters" .
   [0 0 0 0 1 0 0 0 0 0 0 0 0 0])
  ("dendrogram" .
   [0 0 0 3 0 0 0 0 0 0])
  ("psl2best" .
   [1 0 0 0 0 0 0 0])
  ("out2" .
   [2 0 0 0])
  ("q2t2" .
   [2 0 0 0])
  ("parse_psl" .
   [0 0 0 0 0 1 0 0 0])
  ("matches" .
   [1 0 0 0 0 0 0])
  ("q2t" .
   [4 0 1])
  ("qsize" .
   [1 0 0 0 0])
  ("ldata" .
   [6 0 0 0 0])
  ("psl" .
   [1 0 0])
  ("genename" .
   [2 0 0 0 0 0 1 0])
  ("r2" .
   [2 0])
  ("bwa" .
   [2 0 0])
  ("sspace" .
   [1 0 0 0 0 0])
  ("iters" .
   [1 0 0 0 0])
  ("sortopt" .
   [1 0 0 0 0 1 7])
  ("tree" .
   [0 0 0 1])
  ("fetchone" .
   [0 0 0 0 0 0 0 1])
  ("execute" .
   [0 0 0 1 0 0 0])
  ("trees" .
   [11 0 0 0 0])
  ("get_trees" .
   [1 0 0 0 0 1 0 0 0])
  ("port" .
   [4 0 0 0])
  ("return_html" .
   [0 0 1 0 0 0 0 0 0 0 0])
  ("asTXT" .
   [0 0 0 1 0])
  ("table" .
   [2 0 0 0 0])
  ("self" .
   [80 0 0 3])
  ("protid" .
   [4 0 0 0 0 0])
  ("seedsp" .
   [3 0 0 0 0 0])
  ("fn" .
   [27 0])
  ("n" .
   [29])
  ("minLength" .
   [0 0 0 0 1 1 1 0 0])
  ("minLcCov" .
   [0 0 0 0 1 0 0 0])
  ("log2" .
   [2 0 0 0])
  ("dels" .
   [0 0 0 1])
  ("minReads" .
   [5 0 0 0 1 0 0 0])
  ("median" .
   [2 0 0 0 0 0])
  ("previous" .
   [3 0 0 0 1 0 0 0])
  ("log" .
   [77 0 0])
  ("b" .
   [23])
  ("minus" .
   [4 0 0 0 0])
  ("plus" .
   [3 0 0 0])
  ("delta" .
   [2 0 0 0 1])
  ("cov" .
   [15 0 0])
  ("cov2balanced" .
   [0 0 0 0 1 0 0 0 0 0 0 0])
  ("parse_algs" .
   [0 0 0 0 0 1 0 0 0 0])
  ("chrom" .
   [9 0 0 0 2])
  ("references" .
   [1 0 0 0 0 0 0 0 0 0])
  ("bam" .
   [19 0 0])
  ("chr2cov" .
   [2 0 0 0 0 1 0])
  ("rname" .
   [10 0 0 0 0])
  ("prname" .
   [2 0 0 0 0 0])
  ("zeros" .
   [8 0 2 1 0])
  ("blocks" .
   [1 0 0 0 0 0])
  ("alg" .
   [4 0 0])
  ("3" .
   [23])
  ("energy" .
   [0 0 0 0 1 0])
  ("nargs" .
   [8 0 0 0 0])
  ("colors" .
   [5 0 0 0 0 0])
  ("bin" .
   [3 0 0])
  ("_bins" .
   [1 0 0 0 0])
  ("bins" .
   [8 0 0 0])
  ("alpha" .
   [4 0 0 0 0])
  ("plt" .
   [12 0 0])
  ("ylog" .
   [1 0 0 0])
  ("tpm" .
   [2 0 0])
  ("tid2gid" .
   [0 0 0 1 2 5 0])
  ("tids" .
   [1 0 0 0])
  ("handles" .
   [1 0 0 0 0 0 0])
  ("gene2fpkms" .
   [1 0 0 0 0 0 1 0 0 0])
  ("parse_sf" .
   [0 0 0 0 0 0 0 1])
  ("startswith" .
   [1 0 0 0 0 3 1 1 0 2])
  ("load_gene2transcripts" .
   [0 0 0 0 0 1 0 0 0 0 0 0 0 0 0 0 0 0 0 0 0])
  ("gene2transcripts" .
   [0 0 0 0 0 7 1 0 0 0 0 0 0 0 0 3])
  ("parser" .
   [1 0 0 0 0 0])
  ("k" .
   [31])
  ("tuple" .
   [3 0 0 0 0])
  ("count" .
   [1 0 0 0 0])
  ("id" .
   [4 0])
  ("_link" .
   [1 0 0 0 0])
  ("link" .
   [6 0 0 0])
  ("fpkmSum" .
   [1 0 0 0 0 1 0])
  ("sum" .
   [34 0 0])
  ("index" .
   [3 0 0 0 1])
  ("mtranscripts" .
   [0 0 0 0 1 0 0 0 0 0 0 0])
  ("majors" .
   [1 0 0 0 0 0])
  ("m" .
   [15])
  ("iteritems" .
   [0 0 0 1 1 5 0 2 8])
  ("filter" .
   [2 0 0 0 0 0])
  ("t2c" .
   [3 0 0])
  ("header" .
   [10 0 0 2 0 2])
  ("tmax" .
   [2 0 1 1])
  ("minFpkm" .
   [1 0 0 0 1 0 0])
  ("_tfpkms" .
   [0 0 2 1 0 0 0])
  ("_fpkms" .
   [1 0 0 0 0 0])
  ("tfpkms" .
   [1 0 1 1 1 0])
  ("tfpkm" .
   [1 0 0 0 0])
  ("lambda" .
   [5 0 0 2 0 0])
  ("nearest_ref" .
   [1 0 0 0 0 0 0 0 0 0 0])
  ("print" .
   [51 1 0 0 1])
  ("pass" .
   [2 0 0 0])
  ("parse_fpkm" .
   [0 0 0 1 0 0 1 0 0 0])
  ("transcript" .
   [0 0 0 0 0 0 0 0 0 1])
  ("transs" .
   [1 0 0 0 0 0])
  ("transac" .
   [1 0 0 0 0 0 0])
  ("transcripts" .
   [0 0 0 4 4 2 0 0 0 0 3])
  ("yield" .
   [6 0 0 2 2])
  ("get_conditions" .
   [0 0 0 0 1 0 0 0 0 0 0 0 0 0])
  ("parse" .
   [3 0 0 1 0])
  ("load_fpkm" .
   [0 0 0 0 0 0 0 1 0])
  ("frac" .
   [6 0 0 0])
  ("fpkm2major" .
   [0 0 0 1 1 0 1 0 0 0])
  ("ci" .
   [5 0])
  ("length" .
   [2 0 0 0 1 0])
  ("tid" .
   [12 0 0])
  ("ii" .
   [12 0])
  ("ti" .
   [6 0])
  ("fpkms" .
   [13 0 0 0 0])
  ("data" .
   [55 0 0 0])
  ("genes" .
   [3 0 0 0 1])
  ("gid" .
   [23 0 3])
  ("pgid" .
   [6 0 0 0])
  ("r" .
   [46])
  ("strip" .
   [7 0 0 0 0])
  ("stdin" .
   [5 0 0 0 0])
  ("True" .
   [8 0 1 0])
  ("required" .
   [6 0 0 0 2 0 0 0])
  ("conditions" .
   [0 0 0 0 2 7 0 0 0 5])
  ("range" .
   [11 0 0 0 0])
  ("lData" .
   [11 0 8 1 1])
  ("coverage" .
   [1 0 0 0 0 0 0 0])
  ("handle" .
   [32 0 1 9 0 2])
  ("line" .
   [14 0 0 0])
  ("load" .
   [8 0 0 0])
  ("fpkm" .
   [4 0 0 1])
  ("float" .
   [9 0 0 0 0])
  ("default" .
   [8 0 0 0 6 1 0])
  ("file" .
   [8 0 0 1])
  ("type" .
   [10 0 0 0])
  ("similarity" .
   [0 0 0 0 0 1 0 0 0 0])
  ("4" .
   [17])
  ("threads" .
   [15 0 1 0 1 1 4])
  ("25" .
   [7 0])
  ("75" .
   [2 0])
  ("final" .
   [1 0 0 0 0])
  ("reducedFname" .
   [0 0 0 0 0 0 0 0 1 0 0 0])
  ("reduce" .
   [1 0 0 0 0 1])
  ("reduction" .
   [0 0 0 0 0 0 1 0 0])
  ("5" .
   [28])
  ("seq" .
   [58 0 0])
  ("10" .
   [28 0])
  ("len" .
   [81 1 1])
  ("7" .
   [3])
  ("50" .
   [8 0])
  ("19" .
   [1 0])
  ("01" .
   [5 0])
  ("split" .
   [25 0 0 1 2])
  ("fastaSize" .
   [0 0 0 0 0 0 1 0 0])
  ("gapSize" .
   [0 0 0 0 1 0 0])
  ("gap" .
   [2 0 0])
  ("stats" .
   [4 0 0 0 0])
  ("nogapsFname" .
   [0 0 0 1 0 0 1 0 0 0 0])
  ("outfile" .
   [0 0 0 0 0 2 2])
  ("with" .
   [6 0 0 0])
  ("fn2" .
   [13 0 0])
  ("fn1" .
   [10 0 0])
  ("terminate" .
   [0 0 0 0 1 0 0 0 0])
  ("proc" .
   [3 0 0 0])
  ("close" .
   [5 0 0 0 0])
  ("covTh" .
   [3 0 0 0 0])
  ("None" .
   [11 0 0 0])
  ("name" .
   [40 0 0 0])
  ("get_coverage" .
   [0 0 0 0 0 1 0 0 0 0 0 0])
  ("c2cov" .
   [0 0 3 0 0])
  ("faidx" .
   [18 0 0 0 1])
  ("faiud" .
   [1 0 0 0 0])
  ("contigs" .
   [18 0 0 0 0 0 1])
  ("10e4" .
   [1 0 0 0])
  ("or" .
   [22 0])
  ("100" .
   [7 0 0])
  ("append" .
   [21 2 11 17 7 5])
  ("fastas" .
   [5 0 0 0 0 0])
  ("be" .
   [3 0])
  ("contigsFname" .
   [0 0 0 0 0 0 0 0 1 0 0 0])
  ("continue" .
   [12 0 1 6 5 14 6 4])
  ("fasta" .
   [12 0 0 0 0])
  ("a" .
   [53])
  ("get_read_limit" .
   [0 0 0 0 0 0 1 0 0 0 0 0 0 0])
  ("read" .
   [7 0 0 0])
  ("isfile" .
   [3 0 1 3 3 2])
  ("is" .
   [6 0])
  ("file1abs" .
   [0 0 0 0 0 0 2 0])
  ("targetout" .
   [1 0 0 0 0 0 0 0 0])
  ("symlink" .
   [0 0 0 0 0 1 0])
  ("join" .
   [29 0 0 0])
  ("tabline" .
   [1 0 0 0 0 0 0])
  ("isize" .
   [5 0 0 1 0])
  ("CMD" .
   [1 0 0])
  ("sspacecmd" .
   [1 0 0 0 0 0 0 0 0])
  ("bas" .
   [0 0 1])
  ("dirname" .
   [1 0 0 1 1 0 0])
  ("curdir" .
   [1 0 1 0 1 0])
  ("chdir" .
   [0 0 0 1 1])
  ("outfn" .
   [15 0 0 0 0])
  ("basename" .
   [4 0 3 1 3 1 0 1])
  ("path" .
   [37 0 2 0])
  ("outpath" .
   [0 0 0 0 2 0 0])
  ("fastq2sspace" .
   [0 0 0 0 0 0 0 1 0 0 0 0])
  ("fasta2homozygous" .
   [0 0 0 0 0 1 1 1 0 0 0 0 0 0 0 0])
  ("from" .
   [12 0 0 0])
  ("SeqIO" .
   [7 0 0 1 1])
  ("Set" .
   [0 0 1])
  ("import" .
   [13 0 0 0 2 4])
  ("Bio" .
   [4 1 2])
  ("pairs" .
   [2 0 0 0 0])
  ("fq2" .
   [3 0 0])
  ("fq1" .
   [2 0 0])
  ("info" .
   [16 0 0 1])
  ("def" .
   [52 0 1])
  ("return" .
   [52 0 0 2 3 2])
  ("libraries" .
   [1 0 0 0 2 0 0 2 1])
  ("orientations" .
   [0 0 0 2 3 0 0 0 0 0 0 0])
  ("pout" .
   [5 0 0 0])
  ("out" .
   [52 1 0])
  ("j" .
   [13])
  ("if" .
   [141 0])
  ("verbose" .
   [0 0 2 31 3 1 16])
  ("sys" .
   [55 0 0])
  ("stderr" .
   [39 0 0 0 5 6])
  ("i" .
   [155])
  ("limit" .
   [26 0 0 0 1])
  ("else" .
   [38 0 0 2])
  ("file2" .
   [1 0 0 0 0])
  ("1" .
   [174])
  ("0" .
   [183])
  ("subprocess" .
   [0 0 0 2 0 0 0 0 0 0])
  ("PIPE" .
   [0 0 0 1])
  ("cmd" .
   [6 0 0])
  ("outdir" .
   [12 0 0 4 6 3])
  ("os" .
   [27 0])
  ("system" .
   [4 0 0 0 0 1])
  ("scaffoldFastas" .
   [0 0 0 0 0 0 0 0 0 0 0 1 0 0])
  ("glob" .
   [4 0 0 0])
  ("_sspace" .
   [0 0 0 1 0 0 0])
  ("sorted" .
   [4 0 1 0 1 0])
  ("as" .
   [9 0])
  ("e" .
   [80])
  ("str" .
   [14 1 0])
  ("Popen" .
   [0 0 1 0 0])
  ("cmds" .
   [1 0 0 0])
  ("stdout" .
   [3 0 1 5 2 0])
  ("reads" .
   [10 0 0 0 1])
  ("readLimit" .
   [0 0 0 0 0 1 1 0 0])
  ("readlines" .
   [0 0 0 0 0 0 0 2 0])
  ("p" .
   [18])
  ("_check_execcmd_exists" .
   [0 0 0 0 0 0 0 0 0 0 0 1 0 0 0 0 0 0 0 0 0])
  ("for" .
   [100 0 0])
  ("cnd" .
   [1 0 0])
  ("in" .
   [149 0])
  ("o" .
   [103])
  ("sspacebin" .
   [0 0 0 0 0 0 0 1 0])
  ("not" .
   [41 0 0])
  ("write" .
   [44 1 2 1 15])
  ("_check_executable" .
   [0 0 0 1 1 0 0 0 0 0 0 0 0 0 0 0 0])
  ("exit" .
   [7 0 0 0])
  ("elif" .
   [5 0 0 0])
  ("2" .
   [50])
  ("hetero" .
   [1 0 0 0 0 0])
  ("and" .
   [26 0 0])
  ("ssize" .
   [1 0 0 1 0])
  ("identity" .
   [0 0 0 2 1 0 0 0])
  ("skipped" .
   [0 0 0 0 1 0 0])
  ("hSize" .
   [0 0 2 0 0])
  ("cSize" .
   [0 0 1 0 0])
  ("blat" .
   [1 0 1 0])
  ("last" .
   [1 0 0 0])
  ("pos" .
   [22 0 0])
  ("cmd1" .
   [2 0 0 0])
  ("version" .
   [1 0 0 1 0 0 0])
  ("major" .
   [5 0 0 1 2])
  ("6" .
   [3])
  ("last_multi" .
   [0 0 0 0 0 0 0 1 0 0])
  ("last_single" .
   [0 0 0 0 0 0 0 1 0 0 0])
  ("version_info" .
   [0 0 0 0 0 0 0 0 1 1 0 0])
  ("51" .
   [1 0])
  ("66" .
   [5 0])
  ("input" .
   [9 0 0 1 0])
  ("output" .
   [7 0 0 0 0 0])
  ("mapq" .
   [13 0 0 0])
  ("sam" .
   [4 0 0])
  ("enumerate" .
   [0 0 0 10 9 6 0 0 0])
  ("t" .
   [31])
  ("break" .
   [7 0 0 0 1])
  ("map" .
   [10 0 0])
  ("action" .
   [3 0 2 0 1 0])
  ("ax" .
   [12 0])
  ("minTPM" .
   [1 0 0 0 0 0])
  ("TPM" .
   [1 0 0])
  ("TPMs" .
   [0 0 0 2])
  ("regex" .
   [6 0 0 0 1])
  ("regex2bed" .
   [0 0 0 0 0 0 1 0 0])
  ("pat" .
   [2 0 0])
  ("s" .
   [59])
  ("bed" .
   [6 0 0])
  ("strand" .
   [11 0 0 0 0 0])
  ("pCount" .
   [1 0 0 2 0 3])
  ("mCount" .
   [0 0 4 0 0 2])
  ("mPat" .
   [1 0 0 0])
  ("compile" .
   [0 0 0 0 2 0 0])
  ("regex2reverse" .
   [0 0 0 0 0 0 0 0 1 0 0 0 0])
  ("bothStrands" .
   [0 0 1 0 0 0 0 0 0 0 0])
  ("flags" .
   [4 0 0 0 2])
  ("store_true" .
   [0 0 0 0 0 0 0 1 0 1])
  ("ignoreCase" .
   [0 0 1 0 0 0 0 2 0 0])
  ("False" .
   [10 0 3 1 1])
  ("c" .
   [83])
  ("base2rc" .
   [0 0 0 0 0 2 1])
  ("nr" .
   [1 0])
  ("nregex" .
   [1 0 0 0 0 1])
  ("reversed" .
   [0 0 0 0 0 1 0 1])
  ("regexs" .
   [3 0 0 0 0 0])
  ("regex1" .
   [1 0 0 0 0 0])
  ("mRegex" .
   [0 0 2 0 0 0])
  ("pRegex" .
   [0 0 2 0 0 0])
  ("score" .
   [8 0 0 0 1])
  ("l" .
   [23])
  ("feature" .
   [2 0 1 0 1 0 2])
  ("description" .
   [1 0 0 0 0 0 0 0 0 0 3])
  ("get_transcript2gene" .
   [0 0 0 0 1 0 0 0 0 0 0 0 0 0 0 0 0 0 0])
  ("gtf" .
   [1 0 0])
  ("gid2data" .
   [0 0 0 0 2 2 0 0])
  ("infos" .
   [2 0 0 0 0])
  ("int" .
   [13 0 0])
  ("summed" .
   [1 0 0 0 0 1])
  ("np" .
   [66 0])
  ("values" .
   [3 0 0 0 0 0])
  ("numpy" .
   [2 0 0 0 0])
  ("gene3" .
   [1 0 0 0 0])
  ("gene2selected" .
   [1 0 0 0 0 0 1 0 0 0 0 0 0])
  ("example" .
   [0 0 0 0 1 0 0])
  ("tid2id" .
   [0 0 0 0 1 0])
  ("rid" .
   [4 0 0])
  ("rid2id" .
   [0 0 0 0 2 0])
  ("columns" .
   [4 0 0 1 4 1 1])
  ("tsv2correlations" .
   [0 0 0 0 1 0 0 0 0 0 0 0 0 0 0 0])
  ("v" .
   [10])
  ("except" .
   [2 0 0 0 0 0])
  ("scores1" .
   [0 0 0 0 0 1 0])
  ("scores2" .
   [1 0 0 0 0 0 0])
  ("zip" .
   [6 0 0])
  ("scores" .
   [10 0 0 0 0 0])
  ("rho" .
   [1 0 0])
  ("pval" .
   [1 0 0 0])
  ("argv" .
   [1 0 0 2])
  ("norm" .
   [1 0 0 0])
  ("report_missing" .
   [0 0 0 0 0 0 0 1 0 1 0 0 0 0])
  ("missing" .
   [2 0 0 0 0 0 0])
  ("fastq" .
   [17 0 0 0 0])
  ("fastq2mates" .
   [0 0 0 0 0 0 0 1 0 0 0])
  ("outbase" .
   [4 0 0 2 2 0 0])
  ("f" .
   [20])
  ("readlength" .
   [0 0 0 0 0 0 1 0 0 0])
  ("minLen" .
   [3 0 0 0 1 0])
  ("short" .
   [2 0 0 0 0])
  ("readlen" .
   [0 0 0 1 1 0 1])
  ("10000" .
   [5 0 0 0 0])
  ("1e5" .
   [3 0 0])
  ("out1" .
   [3 0 0 0])
  ("gzip" .
   [4 0 0 0])
  ("open" .
   [15 0 0 0])
  ("window" .
   [1 0 0 1 0 1])
  ("xrange" .
   [0 1 0 0 0 0])
  ("endswith" .
   [0 0 0 0 2 1 0 2])
  ("400" .
   [1 0 0])
  ("format" .
   [1 0 0 0 0 0])
  ("23" .
   [1 0])
  ("maxgap" .
   [1 0 0 2 2 3])
  ("overlap" .
   [6 1 0 0 0 1 3])
  ("itervalues" .
   [0 0 0 0 0 1 2 0 0 0])
  ("round" .
   [3 0 0 0 0])
  ("_set_maxgap" .
   [0 0 0 0 0 0 1 0 0 0 0])
  ("min_maxgap" .
   [0 0 0 0 0 0 1 1 0 0])
  ("1024" .
   [1 0 0 0])
  ("x" .
   [11])
  ("gaps" .
   [1 0 0 0])
  ("Graph" .
   [1 0 0 0 0])
  ("add_read" .
   [2 0 0 0 0 0 0 0])
  ("ref1" .
   [5 0 0 0])
  ("end1" .
   [2 0 0 0])
  ("fastqs" .
   [4 0 0 0 0 0])
  ("_estimate_gap" .
   [0 0 0 0 0 1 0 0 0 0 0 0 0])
  ("_set_isize" .
   [0 0 0 0 0 0 0 0 0 1])
  ("add_library" .
   [0 0 0 0 0 2 0 0 0 0 0])
  ("_bwamem" .
   [0 0 1 0 0 0 0])
  ("args" .
   [17 0 0 0])
  ("treads" .
   [1 0 0 0 0 0])
  ("show" .
   [4 0 0 0])
  ("ref" .
   [7 0 0])
  ("genome" .
   [6 0 0 0 0 0])
  ("bwalog" .
   [2 0 0 0 0 0])
  ("std" .
   [3 0 0])
  ("_prepare_storage" .
   [0 0 0 0 0 0 0 0 0 0 0 1 0 0 0 0])
  ("links" .
   [3 0 0 0 0])
  ("end" .
   [10 0 0])
  ("global" .
   [1 0 0 0 0 0])
  ("_lastal_overlap" .
   [0 0 0 0 0 1 0 0 0 1 0 0 0 0 0])
  ("proc1" .
   [2 0 0 0 0])
  ("args1" .
   [4 0 0 0 0])
  ("_lastal" .
   [0 0 0 0 0 0 1])
  ("_lastal_local" .
   [0 0 0 0 0 0 0 0 0 1 0 0 0])
  ("proc2" .
   [2 0 0 0 0])
  ("args2" .
   [3 0 0 0 0])
  ("args3" .
   [1 0 0 0 0])
  ("proc3" .
   [2 0 0 0 0])
  ("22" .
   [1 0])
  ("33" .
   [1 0])
  ("q" .
   [21])
  ("t2hits" .
   [0 0 0 2 1 3])
  ("sort" .
   [4 0 0 0])
  ("_get_hits" .
   [0 0 0 0 0 0 0 0 1])
  ("hist" .
   [1 0 0 0])
  ("hits" .
   [13 0 0 2])
  ("q2size" .
   [1 0 0 1 0 1])
  ("size" .
   [11 0 0 0])
  ("q2hits" .
   [1 0 0 0 0 0])
  ("tstart" .
   [3 0 0 0 0 1])
  ("tend" .
   [4 0 0 0])
  ("talg" .
   [1 0 0 0])
  ("qstart" .
   [2 0 0 0 0 0])
  ("qend" .
   [2 0 0 0])
  ("mean" .
   [10 0 0 0])
  ("qalg" .
   [1 0 0 0])
  ("_calculat_gap_size" .
   [0 0 0 0 1 0 0 0 0 0 0 0 0 0 0 0 0 0])
  ("_get_best_global_match" .
   [0 0 0 0 0 0 0 0 0 1 0 0 0 0 0 0 0 0 0 0 0 0])
  ("newHits" .
   [0 0 0 0 4 0 1])
  ("hit" .
   [5 0 0])
  ("key" .
   [4 0 0])
  ("02" .
   [1 0])
  ("brh" .
   [2 0 0])
  ("nnames" .
   [2 0 1 0 0 0])
  ("datetime" .
   [0 0 0 0 0 0 2 0])
  ("features" .
   [3 0 1 0 0 0 0 0])
  ("nproc" .
   [1 0 0 1 1])
  ("desc" .
   [4 0 0 0])
  ("coord" .
   [0 0 0 0 1])
  ("get_coords" .
   [0 0 0 0 0 0 2 0 0 0])
  ("iterator" .
   [0 0 0 0 0 0 0 1])
  ("multiprocessing" .
   [0 0 0 0 0 0 1 0 0 0 0 0 0 0 1])
  ("Pool" .
   [1 1 1 2])
  ("arg" .
   [2 0 0])
  ("coords" .
   [1 0 0 0 0 0])
  ("files" .
   [3 0 0 0 0])
  ("set" .
   [6 0 0])
  ("seqs" .
   [4 0 0 0])
  ("abs" .
   [2 0 0])
  ("all" .
   [1 0 1])
  ("xls" .
   [3 0 0])
  ("filtered" .
   [2 0 0 0 0 0 0 0])
  ("orphans" .
   [1 0 0 0 0 0 0])
  ("passed" .
   [2 0 0 0 0 0])
  ("meri" .
   [4 0 0 0])
  ("reverse_complement" .
   [0 0 0 0 0 1 0 0 1 3 0 1 0 0 0 0 0 0])
  ("add" .
   [5 0 0])
  ("_seq" .
   [4 0 0 0])
  ("mer2count" .
   [1 0 0 2 10 0 0 0 3])
  ("twin" .
   [4 0 0 0])
  ("save_contigs" .
   [0 0 0 0 0 0 0 0 1 0 0 0])
  ("del" .
   [4 0 0])
  ("npat" .
   [1 0 0 0])
  ("mincount" .
   [0 0 0 0 0 2 0 0])
  ("done" .
   [3 0 0 0])
  ("update" .
   [4 0 0 0 0 0])
  ("get_contigs2" .
   [1 0 0 0 0 0 0 0 0 0 0 0])
  ("minfreq" .
   [4 0 0 0 0 0 0])
  ("telomers" .
   [4 0 2 2 1 0 0 1])
  ("minlength" .
   [0 0 0 1 2 2 0 0 0])
  ("while" .
   [1 0 0 0 0])
  ("telomer" .
   [1 0 0 0 0 1 2])
  ("removed" .
   [3 0 0 0 0 0 1])
  ("mer2count2" .
   [1 0 0 0 0 0 0 0 0 0])
  ("Counter" .
   [3 0 0 0 1 0 1])
  ("chrnames" .
   [1 0 0 0 0 0 0 0])
  ("method" .
   [5 0 0 1 0 2])
  ("bin_chr" .
   [0 0 0 0 1 3 5])
  ("maxnumchr" .
   [0 0 0 0 0 0 1 0 0])
  ("L" .
   [1])
  ("8" .
   [2])
  ("included_chrs" .
   [0 0 0 0 1 0 0 0 0 0 0 0 0])
  ("normalize_rows" .
   [0 0 0 0 2 0 0 0 0 0 0 0 0 0])
  ("marker" .
   [1 0 0 0 0 0])
  ("bin_position" .
   [0 0 0 0 0 0 4 1 0 0 0 1])
  ("chr_spacing" .
   [0 0 0 0 0 0 0 0 0 0 1])
  ("chr_spacing_frac" .
   [0 0 0 0 0 0 0 0 0 0 0 0 0 0 0 1])
  ("shape" .
   [23 0 0 0 1])
  ("getattr" .
   [0 0 1 0 0 0 0])
  ("genomeSize" .
   [0 0 0 0 0 1 3 0 0 2])
  ("bp" .
   [1 0])
  ("1000" .
   [10 0 0 0])
  ("figformat" .
   [1 0 0 0 0 0 0 0 0])
  ("rename" .
   [2 0 0 0 0 0])
  ("renmae" .
   [1 0 0 0 0 0])
  ("bin_chr_new" .
   [0 0 0 0 0 0 0 0 1 1 0])
  ("pc" .
   [3 0])
  ("_bin_chr" .
   [0 0 0 0 1 0 1 0])
  ("chrs" .
   [3 0 0 0])
  ("logger" .
   [15 0 0 4 1 3])
  ("Z" .
   [9])
  ("_dendro" .
   [1 0 0 0 0 0 0])
  ("svg" .
   [1 0 0])
  ("wrong" .
   [7 0 1 1 1])
  ("random_set" .
   [1 0 0 0 0 0 0 1 0 0])
  ("w" .
   [10])
  ("scipy" .
   [0 0 0 0 1])
  ("cluster" .
   [3 0 0 0 0 0 0])
  ("hierarchy" .
   [0 0 1 0 0 0 0 0 0])
  ("sch" .
   [1 0 0])
  ("ward" .
   [1 0 0 0])
  ("metric" .
   [6 0 0 0 0 1])
  ("methods" .
   [1 0 0 0 0 0 0])
  ("initargs" .
   [0 0 0 0 0 1 0 0])
  ("clust_assign" .
   [0 0 0 1 0 0 0 0 0 0 0 0])
  ("skipShorter" .
   [1 0 0 0 1 0 0 0 0 0 0])
  ("fasta2windows" .
   [0 0 0 0 0 0 1 0 0 0 0 0 0])
  ("get_window" .
   [0 0 0 1 0 0 0 0 0 0])
  ("array" .
   [4 0 0 0 4])
  ("skipFlag" .
   [0 0 0 0 0 1 0 0])
  ("_get_samtools_proc" .
   [0 0 0 0 0 0 0 1 0 0 0 0 0 0 0 0 0 0])
  ("q2" .
   [3 0])
  ("start2" .
   [5 0 0 0 0 0])
  ("9" .
   [2])
  ("insert_" .
   [1 0 0 0 0 0 0])
  ("ref2" .
   [5 0 0 0])
  ("start1" .
   [3 0 0 0 0 0])
  ("sat" .
   [1 0 0])
  ("seqlen" .
   [1 0 0 0 1 0])
  ("plot" .
   [1 0 0 0])
  ("chr" .
   [2 0 1])
  ("chr2window" .
   [0 0 0 0 1 0 0 0 0 0])
  ("value" .
   [0 0 0 0 1])
  ("minSize" .
   [1 0 0 0 2 0 0])
  ("500" .
   [3 0 0])
  ("array2scaffolds" .
   [0 0 0 0 0 0 1 0 0 0 0 0 0 0 0])
  ("transform" .
   [0 0 0 1 0 0 0 0 0])
  ("windows" .
   [0 0 0 0 0 0 2])
  ("get_clusters" .
   [0 0 0 0 0 0 4 0 0 0 0 0])
  ("array2tree" .
   [0 0 0 0 2 1 0 1 0 0])
  ("upto" .
   [2 0 1 0])
  ("_bam" .
   [0 0 1 0])
  ("isdir" .
   [4 0 0 0 2])
  ("arrays" .
   [2 0 0 0 0 0])
  ("regions" .
   [23 0 0 0 0 1 0])
  ("of" .
   [4 0])
  ("dpi" .
   [1 0 0])
  ("windowSize" .
   [0 0 0 4 5 1 0 0 0 6])
  ("selected" .
   [2 0 0 0 0 0 0 1])
  ("_clusters" .
   [0 0 1 2 0 1 0 0 0])
  ("_windows" .
   [0 0 0 0 0 1 0 0])
  ("_windowSize" .
   [0 0 1 2 3 0 0 0 1 0 2])
  ("load_clusters" .
   [0 0 0 0 0 0 1 0 0 0 0 0 0])
  ("scaffold" .
   [0 0 0 0 0 0 0 5])
  ("scaffolds" .
   [0 0 1 2 3 0 1 0 1])
  ("minWindows" .
   [0 0 0 0 2 0 0 0 0 0])
  ("contig2size" .
   [1 0 0 0 0 0 0 2 1 0 0])
  ("imap" .
   [1 0 0 0])
  ("contigs2scaffold" .
   [0 0 0 0 0 0 0 1 0 0 0 0 0 0 0 0])
  ("iterable" .
   [2 0 0 0 0 0 0 0])
  ("check" .
   [4 0 0 0 0])
  ("indices1" .
   [2 0 0 0 0 0 0 1])
  ("indices" .
   [0 0 0 0 0 0 1])
  ("sums" .
   [2 0 0 0])
  ("scaffold1" .
   [1 0 0 0 0 0 0 0 0])
  ("orientation" .
   [1 0 0 0 0 0 0 0 0 0 0])
  ("scaffold2" .
   [1 0 0 0 0 0 0 0 0])
  ("altfreq" .
   [1 0 0 0 0 0 0])
  ("_coverage" .
   [0 0 0 0 1 0 0 0 0])
  ("imap_unordered" .
   [0 0 0 0 0 1 0 0 0 0 0 0 0 0])
  ("bams" .
   [1 0 0 0])
  ("warning" .
   [1 0 0 0 0 0 0])
  ("tmpdir" .
   [3 0 0 0 0 0])
  ("tmp" .
   [7 0 0])
  ("makedirs" .
   [1 0 0 0 0 1 1 1])
  ("aa2digit" .
   [0 0 0 4 0 0 0 0])
  ("HEXcomplement" .
   [0 0 0 1 0 0 0 0 0 0 0 0 0])
  ("base2digit" .
   [0 0 0 0 0 0 3 0 0 0])
  ("di2hex" .
   [0 0 0 1 0 0])
  ("merspace" .
   [1 0 0 0 0 0 0 0])
  ("DNAcomplement" .
   [0 0 0 0 0 1 0 0 0 0 0 0 0])
  ("no" .
   [17 0])
  ("mer2seq" .
   [2 0 0 0 0 0 2])
  ("memory_usage" .
   [0 0 0 0 0 0 0 1 0 0 0 0])
  ("run_scaffolding0" .
   [1 0 0 0 0 0 0 0 0 0 0 0 0 0 0 0])
  ("prefix" .
   [1 0 0 0 0 0])
  ("run_gapclosing0" .
   [1 0 0 0 0 0 0 0 0 0 0 0 0 0 0])
  ("usebwa" .
   [0 0 0 0 0 1])
  ("wait" .
   [4 0 0 0])
  ("fqfname" .
   [0 0 0 0 0 1 0])
  ("cores" .
   [1 0 0 0 0])
  ("cummulative" .
   [1 0 0 1 0 1 0 0 0 0 0])
  ("density" .
   [2 0 0 0 0 0 0])
  ("_overlap" .
   [0 0 1 0 1 0 0 0])
  ("source" .
   [1 0 0 0 0 0])
  ("k2v" .
   [5 0 0])
  ("rdata" .
   [1 0 0 0 0])
  ("description2name" .
   [0 0 0 0 0 0 0 0 0 0 0 0 1 0 0 0])
  ("figsize" .
   [2 0 0 0 1 0 0])
  ("tip.tar.gz" .
   [0 0 0 0 0 0 1 0 0 0])
  ("uniprot" .
   [1 0 0 0 0 0 0])
  ("pydoc" .
   [0 0 1 0 0])
  ("species_name" .
   [0 0 0 1 0 0 0 1 0 0 0 0])
  ("gene_name" .
   [1 0 0 0 0 0 0 0 1])
  ("indirs" .
   [2 0 0 0 0 0])
  ("worker" .
   [1 0 0 0 0 0])
  ("basecall_group" .
   [0 0 0 0 0 0 0 0 0 1 0 2 0 0])
  ("_get_vars" .
   [0 0 0 0 1 0 0 0 0])
  ("midk" .
   [4 0 0 0])
  ("_get_features" .
   [0 0 0 0 0 0 0 0 1 0 0 0 0])
  ("rna" .
   [2 0 0])
  ("__str__" .
   [0 0 0 0 0 1 0])
  ("sig" .
   [3 0 0])
  ("firstread" .
   [0 0 0 0 0 0 2 0 0])
  ("itertools" .
   [0 0 0 0 0 0 1 0 0])
  ("pysam" .
   [1 0 0 0 0])
  ("bf" .
   [2 0])
  ("mp" .
   [1 0])
  ("refbase" .
   [3 0 0 0 0 0 0])
  ("get" .
   [11 0 0])
  ("get_sample_name" .
   [0 0 0 0 0 0 0 0 0 0 1 0 0 0 0])
  ("pd" .
   [1 0])
  ("_data" .
   [7 0 0 0 0])
  ("se" .
   [9 0])
  ("set_yl" .
   [0 0 0 0 0 1])
  ("set_ylim" .
   [1 0 0 0 1 0 0 0])
  ("maxYdepth" .
   [0 0 0 0 0 0 0 1 0])
  ("mask" .
   [1 0 0 0])
  ("cols" .
   [3 0 0 0])
  ("mod_report" .
   [0 0 0 0 0 0 1 0 0 0])
  ("load_bed" .
   [0 0 0 0 0 0 1 1])
  ("mod_plot" .
   [1 0 0 0 0 0 0 0])
  ("df" .
   [2 0])
  ("sample_names" .
   [1 0 0 0 0 0 0 0 1 0 0 0])
  ("selection" .
   [1 0 0 0 0 0 0 0 0])
  ("metric2cols" .
   [0 0 0 0 0 0 0 1 1 0 0])
  ("axes" .
   [1 0 0 0])
  ("set_title" .
   [0 0 0 0 0 0 0 1 0])
  ("set_ylabel" .
   [1 0 0 0 0 0 0 0 0 0])
  ("fig" .
   [2 0 0])
  ("unique" .
   [1 0 0 0 0 0])
  ("collections" .
   [0 0 0 0 1 1 0 0 0 0 1])
  ("OrderedDict" .
   [0 0 1 0 0 0 0 0 0 0 0])
  ("idx" .
   [2 0 0])
  ("can" .
   [1 0 0])
  ("canonical2mods" .
   [0 0 0 0 1 0 0 0 0 0 0 0 0 0])
  ("modcount" .
   [1 0 0 0 0 0 0 0])
  ("mods2count" .
   [0 0 0 0 0 0 1 1 0 0])
  ("items" .
   [2 0 0 0 0])
  ("totbases" .
   [2 0 0 0 0 0 0 0])
  ("prob" .
   [1 0 0 0])
  ("depth" .
   [3 0 0 0 0])
  ("can2mods" .
   [1 0 0 0 0 0 0 0])
  ("mod2color" .
   [1 0 0 0 0 0 1 0 0])
  ("mod_color" .
   [1 0 0 0 0 0 0 0 0])
  ("rgb" .
   [1 0 0])
  ("get_rgb" .
   [1 0 0 0 0 0 0])
  ("isnan" .
   [1 0 0 1 0])
  ("add_memory" .
   [0 0 0 0 0 1 0 0 0 0])
  ("cigar" .
   [1 0 0 0 0])
  ("preadi" .
   [2 0 0 0 1 0])
  ("ext" .
   [13 0 0])
  ("extn" .
   [4 0 0 0])
  ("mer_ext" .
   [2 0 0 0 0 0 0])
  ("ext_mer_pos" .
   [1 0 0 0 0 0 0 0 0 0 0])
  ("ext_mer" .
   [0 0 0 0 0 0 2])
  ("ext_mers" .
   [0 0 0 0 0 0 0 1])
  ("nans" .
   [1 0 0 0])
  ("totcalls" .
   [3 0 0 0 0 0 0 0])
  ("maxpos" .
   [1 0 0 0 0 0])
  ("skip" .
   [5 0 0 0])
  ("skip_mismatches" .
   [0 0 0 0 0 0 0 5 0 0 0 0 0 0 0])
  ("basecalling" .
   [1 0 0 0 0 0 0 0 0 0 0])
  ("basecall" .
   [0 0 0 0 0 0 0 2])
  ("get_latest_basecalling" .
   [0 0 0 0 0 0 0 0 1 0 0 0 0 0 0 0 0 0 0 0 0 0])
  ("islink" .
   [1 0 0 0 0 0])
  ("freq_mode" .
   [1 0 0 0 0 0 0 0 0])
  ("get_freq" .
   [1 0 0 0 0 0 0 0])
  ("alldata" .
   [3 0 0 0 0 0 0])
  ("clf_" .
   [1 0 0 0])
  ("nn" .
   [4 0])
  ("n_jobs" .
   [1 0 0 0 0 0])
  ("contamination" .
   [1 0 0 0 0 0 0 0 0 0 0 0 0])
  ("denovo_encode" .
   [0 0 0 0 1 0 0 0 0 0 0 0 0])
  ("resquiggle_read" .
   [0 0 0 0 0 0 0 0 0 0 0 0 0 0 1])
  ("err" .
   [1 0 0])
  ("errors" .
   [1 0 0 0 0 0])
  ("segs" .
   [3 0 0 0])
  ("sig_starts" .
   [0 0 0 0 0 0 1 0 0 0])
  ("chunk_len" .
   [0 0 0 0 0 0 0 0 1])
  ("_sig" .
   [3 0 0 0])
  ("readi" .
   [4 0 0 0 0])
  ("max_per_ref" .
   [0 0 0 0 0 1 1 1 1 0 0])
  ("ref2c" .
   [3 0 0 0 0])
  ("Chrom" .
   [1 0 0 0 0])
  ("samples" .
   [1 0 0 0 0 0 0])
  ("ss" .
   [2 0])
  ("r_std" .
   [0 0 0 0 1])
  ("dt" .
   [1 0])
  ("dwells" .
   [1 0 0 0 0 0])
  ("probs" .
   [1 0 0 0 0])
  ("r_pvals" .
   [0 0 0 1 0 0 0])
  ("jit" .
   [6 0 0])
  ("baseq" .
   [5 0 0 0 0])
  ("tomboP" .
   [4 0 0 0 0 0])
  ("minP" .
   [1 0 0 0])
  ("fq_quals" .
   [1 0 0 0 2 1 1 0])
  ("QUALS" .
   [0 0 1 0 0])
  ("pq" .
   [1 0])
  ("qi" .
   [9 0])
  ("quality" .
   [0 0 0 1 0 0 0])
  ("bamfiles" .
   [2 0 0 0 0 0 0 0])
  ("mismatches" .
   [1 0 0 0 0 0 0 0 0 0])
  ("mis_freq" .
   [4 0 0 0 0 0 0 0])
  ("mis_data" .
   [2 0 0 0 0 0 0 0])))
